0.381219 0.624644 0.235848 -0.174361 0.061891 -0.058755 0.017365 0.066749 -0.020568 0.099835 0.073386 -0.088042 0.083211 -0.049265 -0.349428 0.085911 -0.323212 0.189056 0.115823 0.224599
-0.227254 0.152062 -0.206835 0.051891 -0.076665 0.005951 -0.365547 -0.341635 -0.035674 -0.268044 -0.368868 -0.448611 0.036433 -0.281164 0.098528 -0.169654 -0.163926 0.141605 0.007649 0.217298
0.014096 -0.097945 0.271821 0.354484 -0.310461 -0.115187 0.335746 -0.402360 0.119373 0.232648 -0.106860 0.007596 0.210595 0.149885 -0.014719 -0.191452 -0.294352 -0.286981 -0.101990 0.208441
0.215321 0.268318 0.440759 -0.041684 0.084226 0.040227 -0.126663 -0.146224 -0.068145 -0.156998 0.024778 0.059742 0.058124 0.047578 0.570186 -0.018759 0.439930 -0.124152 -0.148243 0.209739
-0.016123 -0.230066 0.304617 0.011342 0.117529 0.269111 -0.293903 0.065759 0.004605 -0.153530 0.200000 0.008141 -0.417558 -0.120255 -0.257191 -0.050455 -0.250520 -0.241412 -0.433026 0.217334
0.183265 -0.045133 -0.075136 -0.224312 -0.333687 -0.226037 0.141996 0.052485 -0.146899 0.190894 -0.133013 -0.136425 -0.436143 -0.237228 -0.196178 -0.252103 0.411093 -0.212690 0.129986 0.221503
0.292577 -0.383162 -0.086766 -0.257451 -0.000855 0.117779 -0.079307 -0.018517 0.115984 -0.100837 0.097125 -0.162277 0.648899 -0.111637 -0.262685 0.023417 0.225520 -0.067508 -0.099572 0.213231
-0.271908 0.095097 -0.087526 -0.384160 0.087838 0.022184 0.074444 -0.270737 0.128529 -0.158459 -0.051054 0.411035 -0.038480 0.381866 -0.222358 -0.375844 0.111366 0.229181 -0.098661 0.221101
-0.166387 0.038372 -0.066025 0.039605 0.109577 -0.258167 0.163501 0.041190 0.646427 -0.053530 0.472361 -0.079134 -0.080741 -0.320600 0.176491 -0.062872 0.010046 0.058958 0.091884 0.226456
0.249929 0.081920 -0.264831 0.357258 0.178923 0.167102 0.261318 0.166616 0.058583 -0.229074 -0.379650 0.446240 0.006166 -0.344139 -0.024129 -0.008513 0.020254 -0.016075 -0.102951 0.217962
0.059613 -0.313373 0.275507 0.250680 0.185266 0.217712 -0.056221 -0.153669 -0.105573 -0.064529 0.068471 0.039971 -0.105038 0.022617 -0.087847 -0.072121 0.067129 0.240532 0.706480 0.208489
0.246376 -0.004826 -0.314877 0.192495 0.370061 -0.061803 0.061606 0.056659 0.121384 -0.024037 -0.067029 -0.417447 -0.195177 0.587949 0.000784 0.052368 0.059242 -0.135771 -0.051052 0.223977
0.369863 -0.342662 -0.151276 -0.288245 -0.204877 -0.078013 -0.011859 -0.074992 -0.023124 0.085048 -0.021344 0.140337 -0.185128 0.044798 0.419149 0.166268 -0.363960 0.364524 -0.076526 0.217395
-0.207409 0.027284 -0.088719 -0.232184 0.075219 -0.150964 -0.063823 -0.227933 -0.017514 -0.088766 -0.087189 0.214565 -0.024761 -0.008788 -0.041584 0.614563 -0.074751 -0.490157 0.265273 0.227678
-0.235462 -0.022539 0.146119 0.232027 -0.214631 -0.037215 0.160334 -0.032322 -0.035398 0.003171 -0.029199 -0.112687 -0.069724 0.035701 -0.212223 0.521360 0.323997 0.463757 -0.292079 0.226936
-0.188529 -0.024070 0.137919 -0.008001 -0.038043 0.066037 -0.386608 0.436900 0.348016 0.474207 -0.386277 0.097898 0.100135 0.103029 0.069089 -0.019875 0.028931 0.005548 0.075764 0.247862
-0.284500 0.072992 -0.060988 -0.249944 0.048874 0.600643 0.470348 0.135437 -0.185722 0.169439 0.058825 -0.239528 0.037461 -0.059834 0.217202 -0.001277 -0.091228 -0.068867 0.030931 0.233643
0.021203 0.224562 -0.395050 0.284545 -0.455742 0.225220 -0.309408 0.040882 -0.134099 0.028981 0.454103 0.188409 0.055693 0.157510 0.014421 -0.028984 0.052505 -0.083210 0.071344 0.228043
-0.145346 -0.062877 -0.127526 0.108488 0.459966 -0.336656 -0.089789 -0.073963 -0.473658 0.433521 0.180353 0.101405 0.142389 -0.175045 0.030234 -0.112516 0.003126 0.067920 -0.172216 0.233617
-0.188049 -0.094439 0.151966 0.002468 -0.147791 -0.372159 0.112005 0.532507 -0.283938 -0.475978 0.005238 -0.031420 0.163266 0.156048 0.069347 -0.126129 -0.173145 -0.036045 0.079685 0.242122
