-0.053991 -0.171269 0.192787 -0.030193 -0.030501 0.288430 0.033154 0.086047 -0.099044 0.097921 0.085258 -0.030441 0.012647 -0.067863 -0.005338 0.016556 0.003324 0.035544 -0.017765 0.049609 0.063304 -0.053134 -0.050973 -0.102951 -0.023899 -0.021209 -0.009363 0.262300 -0.082893 -0.042791 -0.418395 0.375078 -0.375097 -0.469583 0.005491 0.000838 0.157221 -0.001193
-0.044807 -0.031162 -0.025154 -0.011604 0.105233 -0.058175 0.284136 0.096781 0.153165 -0.226632 0.085801 0.021110 -0.052693 -0.140745 0.087727 -0.089724 -0.009169 0.140760 -0.083931 -0.037894 0.160296 0.085646 0.647415 0.439893 0.016042 0.160269 -0.130143 0.103707 0.036411 0.014542 -0.000079 0.075750 0.052656 -0.075158 -0.011345 -0.003491 0.164923 -0.000934
-0.037543 0.113438 -0.178427 0.151329 -0.038988 -0.135825 -0.107918 0.078188 -0.149231 0.004016 0.118415 0.000636 0.062977 0.150898 0.104404 -0.098365 -0.190233 -0.050832 -0.073177 -0.177979 -0.010072 0.394647 0.110422 -0.397222 0.440728 0.221839 -0.286615 0.031520 -0.200431 -0.041160 -0.007525 0.048485 -0.062693 0.023006 -0.070837 0.000903 0.166297 -0.002323
-0.066329 0.011260 -0.260900 0.172429 0.061966 -0.288031 -0.078284 0.195884 -0.143134 0.054359 0.710138 -0.261728 -0.163028 -0.039873 -0.099664 0.106665 0.021327 -0.001799 0.094991 0.086761 -0.048130 -0.149078 -0.074048 0.060894 -0.163901 -0.037460 0.096176 0.003173 0.040709 -0.016192 -0.010221 -0.024042 0.014261 -0.022112 -0.025977 -0.004376 0.168490 -0.003190
-0.036956 -0.052551 -0.073856 -0.097266 0.119643 -0.058866 -0.078315 -0.039192 0.194658 -0.369027 -0.028316 -0.014909 -0.032333 0.183380 0.207549 0.017252 -0.197951 0.017280 -0.168895 -0.255779 0.083806 -0.024527 -0.001074 -0.200909 -0.133084 0.083873 0.603506 0.036440 0.027749 -0.270353 -0.038580 -0.117188 -0.109147 -0.058429 -0.018323 0.004237 0.160855 -0.003272
-0.048143 -0.156878 -0.041242 0.044189 -0.024497 -0.040141 -0.001800 -0.299856 -0.145354 -0.204377 -0.069826 -0.157233 0.000733 0.086109 -0.110277 -0.158996 -0.161405 -0.127114 -0.259945 -0.154776 -0.120985 -0.089661 -0.293909 0.342199 -0.149730 -0.025718 -0.412473 0.070692 -0.045070 -0.372484 0.083360 0.006001 -0.074106 0.008862 -0.047301 -0.001552 0.162035 -0.002133
-0.046350 -0.024010 -0.117861 0.140679 -0.216926 -0.018472 0.270331 -0.134912 -0.186434 -0.183848 0.052322 0.663821 -0.007511 -0.065790 -0.308877 0.330023 -0.182482 -0.051933 0.055554 0.082007 -0.040105 -0.048536 0.007019 -0.066484 0.031138 -0.050286 0.086876 0.039850 0.042852 -0.054590 0.041090 0.048425 0.033177 0.009518 -0.024963 -0.002916 0.163419 -0.001396
-0.049848 0.483665 0.014423 0.131188 -0.038445 0.067053 -0.007575 0.212495 -0.035188 -0.089475 -0.169216 -0.221030 0.416480 0.202640 -0.191538 0.076718 -0.071141 -0.023767 -0.182366 0.152898 -0.020406 -0.458034 0.139023 0.017509 0.146608 -0.059101 0.044894 0.059205 -0.022585 0.002490 -0.009546 0.031514 0.018338 0.022933 -0.011133 0.005748 0.160999 0.000850
-0.039041 0.022532 -0.125757 0.077077 0.066106 0.016909 -0.233609 0.128804 0.035018 0.131349 -0.113446 0.119471 0.107925 -0.016074 0.007226 -0.081085 0.004603 -0.129847 0.088851 -0.006027 0.070694 0.087579 0.039241 0.010102 -0.028914 0.009615 -0.102475 -0.214689 0.802998 -0.184417 -0.067453 0.105912 -0.127900 -0.014026 -0.036599 0.001518 0.164655 -0.001711
-0.048538 -0.079729 -0.063952 -0.033653 0.107236 -0.111420 -0.058376 -0.254366 -0.172454 -0.143567 -0.098086 -0.062129 0.031191 -0.015533 -0.024047 0.039631 -0.087728 0.032452 -0.048696 -0.045471 0.007910 -0.039568 -0.039566 0.083454 0.042000 0.038131 -0.019209 -0.081003 0.109506 0.623599 -0.442759 -0.313856 -0.160515 0.071149 -0.202467 0.000970 0.161620 -0.000665
-0.047929 -0.072416 0.347032 0.261472 0.075223 0.073870 -0.076786 0.072004 -0.049934 0.068386 -0.043999 -0.096229 -0.146100 -0.193813 -0.195056 -0.270605 -0.442409 -0.227063 0.081550 -0.101096 0.184984 0.067142 0.138033 -0.066429 -0.035439 -0.398405 0.115577 -0.056898 -0.059376 0.126743 0.176699 -0.077889 0.084436 -0.020461 -0.001120 -0.000271 0.159879 -0.001466
-0.046904 0.375116 -0.167092 0.094371 -0.295607 0.194657 0.104332 -0.128826 -0.073110 0.126983 -0.148917 -0.061727 -0.467997 -0.037074 0.488528 -0.008140 -0.184346 -0.056542 0.210165 0.036630 -0.035604 -0.177456 -0.024895 0.093256 -0.033371 0.074107 0.004788 -0.042010 -0.010102 0.009030 -0.013466 0.016715 -0.027916 -0.012651 -0.012494 -0.000280 0.161305 -0.002916
-0.036493 -0.011695 0.055966 -0.294172 -0.353035 0.026765 0.131815 -0.009237 0.078540 -0.074864 0.268917 -0.001466 0.572009 -0.270459 0.270278 -0.162701 -0.082760 -0.180563 0.195057 -0.037302 -0.037816 0.037732 -0.123618 0.050594 -0.001185 -0.038144 0.018103 -0.163973 -0.037237 0.021773 0.024488 -0.121731 0.068366 -0.078339 0.007044 -0.000525 0.160309 0.000245
-0.054805 0.013045 -0.115812 0.081810 0.112568 0.103005 -0.200390 0.149106 0.179168 0.093474 -0.082633 0.200118 0.075947 -0.062824 -0.097054 0.014066 0.082781 -0.293208 0.102845 -0.117272 0.339559 -0.135401 -0.109299 -0.017535 -0.374542 0.471158 -0.139322 0.113472 -0.251016 0.148791 0.089996 -0.064217 0.037578 0.011130 -0.023220 -0.001989 0.164165 -0.002295
-0.012890 -0.031399 -0.237852 0.020256 0.067527 -0.029220 -0.317057 0.096916 -0.105847 0.238604 -0.120653 0.264105 0.081066 0.042803 0.102926 -0.069131 0.208088 -0.091864 -0.007483 -0.124688 -0.103425 0.098569 0.007698 0.454334 0.198048 -0.303929 0.281275 0.044290 -0.284898 -0.062973 -0.106389 0.058965 0.064713 -0.010291 -0.116787 -0.000417 0.159809 -0.002378
-0.061379 0.382572 0.010930 0.117158 0.043562 0.190838 0.176571 0.141331 -0.075381 -0.089209 -0.082402 -0.098080 0.048027 -0.156012 -0.147022 0.110199 0.195007 0.241843 -0.049587 -0.295160 -0.214397 0.472781 -0.144536 0.009547 -0.358832 -0.072710 0.038051 -0.105170 -0.023473 0.060610 0.019449 0.002805 -0.038142 -0.012793 -0.016487 -0.004045 0.162665 -0.002135
-0.050534 -0.023181 -0.113936 0.003912 0.077661 -0.041693 -0.041762 -0.007999 0.397594 -0.080130 -0.066971 0.046000 0.042585 0.292862 -0.155140 -0.193873 -0.214450 0.431418 0.543161 0.135784 -0.104648 0.025292 -0.127478 0.023086 -0.028532 -0.106863 -0.127593 0.048298 -0.094304 0.001172 -0.082660 0.042532 0.045858 -0.033478 -0.009462 -0.004435 0.168320 -0.000788
-0.053409 -0.064866 -0.050833 -0.097469 0.198375 0.156596 0.031549 0.079909 0.139109 -0.116962 0.046492 0.034432 -0.100948 -0.055600 0.151631 0.327993 0.223302 0.074924 0.051206 -0.340687 0.166996 -0.280554 -0.042239 -0.163306 0.234039 -0.391121 -0.332180 -0.110305 -0.004732 -0.020710 0.136107 -0.177370 0.007207 -0.115568 -0.030373 -0.005102 0.158413 -0.001267
-0.051432 -0.047899 0.062220 -0.030269 -0.012132 0.214655 0.036169 -0.023487 -0.110747 0.095817 0.001345 -0.097462 -0.007860 -0.102553 -0.075534 -0.069026 0.126976 0.068233 0.139785 -0.037216 -0.083606 0.042162 -0.062450 -0.018198 0.211370 0.128627 0.102798 0.680854 0.252922 -0.096955 0.077791 -0.389979 0.185133 0.086407 -0.037909 -0.004479 0.159467 -0.002743
-0.031582 -0.027218 -0.104272 -0.009847 0.030561 -0.033621 -0.102148 -0.076401 -0.099329 -0.037127 -0.046085 -0.000419 0.019542 -0.009698 0.009130 0.001951 0.012686 0.017891 -0.017542 -0.028923 0.001295 0.017430 0.003768 0.022609 0.032585 -0.018995 -0.002837 0.021345 0.009533 0.116462 -0.033103 -0.013251 -0.000572 0.011647 0.952665 0.003341 0.167435 -0.002338
-0.042214 -0.087361 -0.076966 -0.118985 -0.012826 -0.039630 -0.064365 -0.131046 -0.013627 -0.012905 -0.016955 -0.053957 0.041988 0.060917 0.048571 -0.009189 0.037019 0.079376 -0.049735 0.008568 -0.073679 -0.011181 -0.064464 0.018344 0.056645 0.013513 0.119366 0.140645 0.113703 0.416743 0.670109 0.372027 -0.249765 -0.075446 -0.094254 -0.003243 0.165146 -0.002553
-0.049820 -0.222668 0.165502 -0.103413 0.048081 0.447094 -0.111741 0.134196 -0.109463 0.155785 0.159976 0.033021 0.020502 0.407237 0.105202 0.286858 -0.234610 0.077172 -0.139827 0.182128 -0.155211 0.129723 0.088315 0.147398 -0.082587 0.138672 -0.039903 -0.223448 -0.008901 0.034518 0.116711 -0.197979 0.128120 -0.008151 0.006886 -0.008156 0.148938 -0.000561
-0.059837 -0.053196 -0.052204 -0.091345 -0.176411 0.162086 0.034881 -0.265017 -0.082145 0.036125 0.087358 0.003158 -0.087301 0.279220 -0.229782 -0.362289 0.420871 -0.128660 0.081629 -0.102264 -0.161335 -0.135296 0.395313 -0.249488 -0.154853 -0.035208 0.031781 -0.183896 -0.050217 -0.019122 -0.008681 -0.060900 -0.018620 -0.006825 -0.027600 0.002344 0.163719 -0.002023
-0.046356 -0.101103 -0.090004 0.027008 0.152600 -0.066728 -0.146684 -0.024642 -0.167667 0.149321 -0.122916 0.143252 0.109929 -0.419485 0.189058 -0.166971 -0.044499 0.439253 -0.216906 0.264765 -0.136071 -0.191892 0.121857 -0.270569 -0.207463 -0.008289 -0.069398 -0.056218 -0.113288 -0.138905 0.079765 -0.112568 -0.003144 0.055872 -0.060576 0.000280 0.163408 -0.002049
-0.037687 -0.018992 -0.047767 -0.105379 0.173768 -0.066114 -0.063147 -0.235248 -0.158002 -0.145540 -0.214630 -0.301038 0.068460 -0.080877 -0.002667 0.349652 0.125769 -0.233067 0.323727 0.413649 0.159700 0.264463 0.155908 -0.047898 -0.037607 -0.059476 0.019603 -0.028528 -0.137131 -0.212735 0.061854 -0.000929 -0.051149 -0.021572 -0.058335 -0.001698 0.161219 -0.001842
-0.056698 0.012563 0.174704 0.007152 0.238887 0.085669 0.077912 -0.121569 0.012498 0.057996 0.021404 -0.060045 -0.093635 -0.242329 -0.240699 -0.064234 0.052321 0.093080 0.098279 -0.057644 -0.060160 -0.137377 -0.180120 0.125835 0.435264 0.423865 0.207679 -0.422351 -0.066895 -0.135239 0.034465 0.082191 0.003382 -0.029995 0.011198 -0.003417 0.161630 -0.001685
-0.020704 0.013000 -0.091665 0.063598 0.129118 0.122763 0.071539 0.128338 0.384596 -0.244398 0.023724 0.076403 -0.200026 -0.094517 0.035498 -0.175895 0.144504 -0.340540 -0.295203 0.447772 -0.289419 0.117732 -0.176129 -0.088304 0.114274 -0.080707 -0.037177 0.011538 0.002214 0.122000 -0.041461 -0.054026 0.071722 -0.075664 0.006673 -0.001290 0.161129 -0.002616
-0.052683 -0.114511 0.091771 -0.095979 0.008471 0.138704 0.089216 0.114328 0.104513 0.014841 0.082958 -0.024814 -0.018451 -0.050861 0.041995 0.046640 0.000751 -0.047830 0.025931 -0.016545 -0.007823 -0.031415 0.007424 -0.023641 0.002956 -0.078073 0.001671 0.056227 -0.062628 -0.043815 -0.125310 0.237291 -0.280328 0.838949 0.007404 -0.002850 0.161652 -0.000224
-0.041944 -0.051906 0.062076 -0.137148 0.069919 -0.028145 -0.062064 -0.085643 -0.105889 -0.086647 -0.034616 -0.073761 -0.023795 0.000160 0.085900 0.051104 -0.004669 -0.010726 -0.043364 -0.106016 -0.021402 -0.047443 -0.053644 -0.146272 -0.075667 0.012517 -0.015549 0.037830 0.091287 0.100549 -0.181100 0.483797 0.743350 0.056133 -0.069640 0.002122 0.162576 -0.001268
-0.056575 0.001070 0.010585 -0.029369 -0.314241 0.023986 0.014044 0.082523 -0.121632 -0.098996 0.013125 0.006040 -0.105191 0.133155 -0.047937 -0.197499 0.209349 0.277267 -0.198433 0.244678 0.653409 0.133619 -0.248334 0.043684 0.076894 -0.065941 0.050658 -0.112880 0.006300 -0.016237 0.018663 -0.046731 0.074817 0.064759 -0.030123 -0.002004 0.164797 -0.001613
0.557753 -0.001928 0.004114 0.006094 -0.013772 0.007165 -0.002533 0.001926 -0.001905 -0.001841 0.005368 -0.013858 -0.007574 -0.004063 -0.014536 0.005928 0.002179 0.011753 0.002534 -0.007880 0.003273 -0.009738 0.001879 -0.006950 -0.008891 0.008298 -0.002657 -0.003054 0.001020 -0.000351 -0.001280 -0.002094 -0.003238 0.001079 -0.005351 -0.400132 0.162755 0.707728
0.558134 -0.000868 0.006503 0.003204 -0.013869 0.008203 -0.001317 0.003623 -0.002407 -0.002849 0.005037 -0.013398 -0.003932 -0.003454 -0.015742 0.005974 0.000503 0.012254 0.003410 -0.006917 0.003827 -0.011442 0.003071 -0.006036 -0.008088 0.007213 -0.004641 -0.004499 0.000923 0.000908 -0.003019 -0.001462 -0.003234 0.002496 -0.005943 -0.407667 0.147856 -0.706364
0.546701 -0.007299 0.004661 0.005380 -0.013028 0.013877 0.000712 0.003995 0.001354 -0.000097 0.011381 -0.013025 -0.009680 -0.005781 -0.017203 0.012484 0.001920 0.017245 0.006850 -0.005989 0.002750 -0.005266 -0.000306 -0.000314 -0.007924 0.008432 -0.007837 -0.003838 -0.000512 0.000814 0.004565 -0.004935 -0.002247 0.003550 -0.010090 0.820594 0.159843 -0.005905
-0.025082 0.393017 0.591240 -0.021543 0.214661 -0.276926 -0.115765 -0.245202 0.016408 0.042365 0.226566 0.302353 -0.017068 0.166738 0.198344 -0.016558 0.142309 -0.011691 -0.000198 0.068799 0.013409 0.021956 -0.038793 0.042299 -0.062215 -0.022966 -0.084908 0.104587 0.022241 -0.034229 0.007015 -0.035928 -0.073115 0.008613 0.014313 0.001651 0.160643 -0.001327
-0.054199 0.074032 -0.095576 -0.083331 -0.193137 -0.086215 -0.002150 -0.366717 0.488618 0.500604 0.044663 -0.129015 0.005945 -0.089770 -0.199277 0.249138 -0.105415 0.038858 -0.306554 -0.032240 0.089364 0.111955 0.072290 -0.026214 0.010813 -0.071023 0.015382 0.031973 0.001890 -0.033699 -0.068673 -0.024033 0.047027 -0.028973 -0.002671 -0.002952 0.168578 -0.002738
-0.061877 -0.023096 0.220783 -0.421970 -0.360639 -0.344853 -0.244472 0.393816 0.001178 -0.076719 -0.219826 -0.015440 -0.289504 -0.092632 -0.189782 0.118354 -0.009280 -0.007809 0.015243 -0.043104 -0.216229 -0.029357 0.058233 0.009488 0.001561 0.084098 -0.078155 -0.017743 -0.027859 -0.024001 0.000830 -0.082408 -0.052894 -0.058086 -0.009713 0.000054 0.163953 -0.001065
-0.022522 -0.065794 -0.070676 -0.225312 0.274505 -0.290772 0.624107 0.211273 -0.143141 0.372508 -0.190763 0.006133 0.009562 0.226615 0.042409 -0.102822 -0.051430 -0.136583 -0.020035 0.005442 0.036453 -0.015276 -0.127098 -0.067149 -0.063896 -0.029506 0.028009 -0.017629 0.009196 -0.005303 0.013643 -0.063484 -0.000683 -0.052292 0.023070 0.001274 0.168093 -0.001281
-0.055476 -0.367344 0.242866 0.617533 -0.257245 -0.237707 0.115779 0.046348 0.137559 0.029367 -0.178748 -0.112572 0.113858 0.093591 0.221389 0.159711 0.249312 0.028383 0.046479 -0.036004 -0.117163 -0.034750 -0.013213 -0.012163 -0.002374 0.081363 0.045888 -0.055527 0.002421 0.018467 -0.002754 -0.024356 0.036147 -0.005515 0.008255 -0.001695 0.164041 -0.003154
