-0.060813 0.033091 -0.097210 -0.217063 -0.274951 0.124074 0.127575 0.056951 -0.075409 -0.080550 -0.019898 -0.205612 0.078260 0.313203 -0.068562 0.629165 -0.177002 -0.242853 0.031667 -0.229080 -0.126565 -0.019422 0.145655 0.026085 -0.072189 -0.096714 -0.165608 -0.084857 0.004891 -0.073680 -0.047212 -0.054025 0.008929 0.162972
-0.010742 -0.001706 -0.021416 -0.087432 -0.126361 0.058227 0.060943 -0.076182 0.004989 0.103710 -0.000830 -0.030983 -0.014823 -0.004290 -0.016241 0.013381 -0.005335 0.007563 0.000734 0.001235 -0.005049 -0.007344 -0.004529 -0.004056 -0.006029 0.037981 0.073063 0.084763 0.038153 0.178172 0.333003 0.873172 -0.019518 0.171382
-0.091977 0.108362 0.175152 0.053548 -0.022793 0.076723 -0.127338 0.062282 0.150776 -0.133784 -0.018584 0.013728 -0.008391 0.030786 -0.020519 0.027343 -0.075292 0.127384 -0.059357 0.074858 0.026858 0.214079 0.134825 0.077489 -0.074768 0.795752 -0.246099 -0.075229 0.012313 -0.184006 0.070790 -0.000186 0.018748 0.173883
-0.113312 -0.116939 0.389555 0.183378 0.136078 0.260125 0.040658 -0.229626 0.091949 -0.192735 0.005281 0.294332 0.184962 0.444909 -0.034083 -0.204294 -0.110144 -0.039675 0.174087 -0.020335 -0.251403 -0.248878 0.009813 -0.152462 0.060784 -0.097760 -0.024211 -0.067635 -0.029651 0.017779 0.018125 0.013534 0.005114 0.164839
-0.053254 -0.107578 0.091842 -0.002636 -0.163828 0.010373 0.028889 -0.025815 -0.049569 0.030596 0.024368 -0.028379 0.001011 0.013128 0.004201 0.027755 0.042604 0.002598 -0.037980 0.008652 -0.001313 -0.000003 0.010478 -0.015534 0.075548 0.080950 0.125880 0.737421 -0.564992 -0.065551 -0.076105 -0.084346 0.004914 0.175832
-0.044498 -0.045701 -0.079759 -0.198656 -0.058178 0.197521 -0.075260 -0.073474 0.088670 0.043690 0.002368 -0.044126 0.011858 -0.015300 0.002796 0.004548 0.012366 0.036905 -0.003593 -0.041997 -0.006529 -0.024853 -0.006241 -0.097135 -0.124672 0.167748 0.823890 -0.275477 -0.052387 -0.155671 -0.113992 -0.059039 0.019688 0.169943
-0.058465 -0.087665 0.085927 0.003421 -0.080204 0.128432 0.018405 -0.035205 -0.149420 0.039570 0.003426 -0.033009 0.001616 -0.001870 0.016761 -0.003727 0.015366 0.017709 -0.050477 0.004290 -0.015530 0.035392 -0.004950 0.025735 0.067054 0.048221 0.139361 0.452779 0.797967 0.041236 -0.007136 -0.159255 0.018120 0.175953
-0.003296 0.423666 -0.008914 -0.097518 -0.097029 -0.000295 0.020823 -0.172326 -0.037673 -0.115719 -0.019732 -0.026440 -0.016393 0.032389 -0.140652 0.063300 -0.230977 0.231974 0.187754 0.467514 0.177265 0.048422 -0.412628 -0.102092 -0.018401 -0.194375 -0.042900 0.039947 0.023776 -0.297286 -0.016904 0.007770 -0.032289 0.151760
-0.106010 -0.040170 0.082239 0.025333 0.279268 0.004033 0.370926 0.039936 0.045576 -0.105661 -0.056093 0.057817 0.009803 0.108319 -0.037839 0.016022 0.057171 -0.346835 -0.359358 -0.003917 0.651861 0.019800 -0.105569 -0.034343 0.009095 0.000916 0.026451 -0.039184 -0.004938 -0.002383 -0.052275 0.028800 0.013123 0.181298
-0.097365 -0.119436 0.196668 0.073999 -0.197709 -0.037439 -0.101353 -0.064875 0.087968 0.017211 -0.088065 0.004017 0.022579 0.076759 -0.050797 0.144591 0.514648 0.506410 0.096490 -0.335342 0.270804 0.082799 -0.132966 0.086708 -0.055431 -0.171361 -0.087293 -0.113180 -0.001562 0.002720 -0.010568 -0.022073 0.013043 0.171236
-0.033797 -0.004913 -0.150106 -0.233418 -0.119719 0.269483 0.102917 0.110546 -0.172504 -0.067201 -0.112254 -0.419488 0.018556 0.152655 0.372242 -0.551474 0.018477 0.105147 -0.111124 -0.072097 -0.015429 0.027105 -0.026671 -0.038721 -0.017947 -0.059016 -0.209817 -0.078393 -0.055356 -0.057375 -0.058534 -0.018763 -0.005765 0.163103
0.086683 -0.112797 -0.054220 -0.242505 0.321697 -0.127820 -0.245538 0.023837 -0.108329 -0.010106 0.033876 -0.054505 -0.004531 -0.010261 0.021394 -0.010646 0.063421 -0.190528 0.575333 -0.147076 0.178799 0.217835 0.046876 -0.418147 0.123555 0.078481 -0.080229 0.054057 0.021938 0.007950 -0.066670 0.038430 -0.043979 0.179068
-0.001107 0.002994 -0.095398 -0.131180 0.073036 -0.041138 0.070984 -0.063908 0.028235 0.024627 0.007966 -0.005937 0.003639 -0.009675 -0.010482 -0.011109 0.022393 0.001553 0.016795 0.014085 -0.004358 -0.009601 -0.007520 0.003566 -0.016134 -0.023625 0.034590 -0.027761 -0.079339 0.116459 0.859218 -0.399566 -0.037115 0.180541
-0.043052 0.323541 -0.023049 -0.061386 -0.053220 0.071830 -0.016297 -0.097979 0.029620 -0.040957 -0.023274 -0.001436 -0.029753 -0.002618 -0.040572 0.011332 -0.030745 0.045474 0.024588 0.068452 0.022111 0.035640 -0.030256 -0.013292 -0.053944 0.104628 0.011339 -0.028918 -0.073951 0.856633 -0.233798 -0.140986 -0.016626 0.159578
-0.022754 0.196871 0.307800 0.090773 0.118477 0.080344 -0.103430 0.083323 -0.104313 0.100057 0.066298 -0.021078 0.019886 -0.028787 0.018502 -0.066539 -0.110886 -0.018956 0.012022 0.099328 0.043382 0.498368 0.499063 0.261618 -0.105554 -0.372595 0.117650 -0.035723 -0.057157 -0.041478 0.021769 0.019886 -0.005421 0.162744
-0.045150 0.024534 0.016694 0.067662 -0.139038 -0.111038 -0.016900 0.114729 -0.137802 0.043168 -0.002377 -0.035903 -0.001914 0.046298 -0.042059 0.012605 0.074773 -0.044938 -0.019759 0.122642 -0.054517 0.011273 -0.017137 0.163833 0.878586 0.047783 0.086467 -0.226585 -0.037258 0.008354 -0.014080 -0.011794 -0.001301 0.181892
-0.048257 -0.117871 0.077606 -0.103640 0.189442 -0.115128 -0.038346 -0.199162 -0.139319 0.073787 0.053635 -0.070843 -0.027049 -0.000058 0.054320 -0.026940 0.159283 -0.314633 0.155436 0.044310 -0.219232 0.052440 -0.423183 0.608853 -0.198169 0.079732 -0.032563 -0.050431 -0.033947 -0.020864 -0.084702 0.012033 0.014953 0.173575
-0.096145 0.002492 -0.222452 0.420112 0.020015 -0.079845 -0.051892 0.093260 -0.080427 0.056771 -0.174382 0.193737 0.188214 -0.012803 0.700332 0.249000 -0.070315 0.022370 0.086875 0.111994 0.026309 -0.003454 -0.067743 -0.046969 -0.078332 0.002014 0.056411 -0.019454 -0.012600 0.018571 0.017151 0.016050 0.008628 0.192490
0.499169 0.040151 -0.020136 -0.009668 0.027364 0.049318 0.035838 0.060755 0.037841 -0.020605 -0.012135 -0.000627 0.017021 -0.006686 0.034118 -0.022182 -0.073596 0.100579 0.223504 -0.004842 0.265209 -0.476826 0.250969 0.354786 -0.011063 0.059513 0.011886 0.039357 0.022379 -0.031678 -0.054584 -0.010557 -0.385996 0.159869
0.511065 0.010494 0.019231 0.040581 -0.009844 0.002891 0.036356 -0.011489 0.007152 -0.020049 -0.011363 -0.004151 0.000493 0.003340 0.004578 -0.002292 -0.015832 0.017224 0.016455 -0.002613 0.026252 -0.046623 0.012639 0.019988 -0.003752 0.002346 -0.010637 -0.008208 -0.007947 0.011157 0.006947 -0.005524 0.841407 0.147685
-0.015732 -0.059374 -0.184017 -0.275382 -0.190087 0.122623 0.104350 -0.036204 0.378355 0.521107 0.167726 0.475188 -0.091043 0.020261 0.085437 -0.100309 0.000825 -0.067543 0.015627 0.068941 0.017537 0.099170 0.042459 0.014923 0.043059 -0.055379 -0.213833 -0.022995 0.031704 -0.075524 -0.124288 -0.070769 0.008183 0.168302
0.558268 -0.070239 -0.089318 0.089075 -0.026131 -0.093856 0.019801 0.131952 0.078018 -0.131302 -0.122363 0.114931 0.079068 0.219013 -0.109348 -0.010206 0.133954 -0.028614 -0.263641 0.024656 -0.268550 0.404002 -0.198746 -0.141165 -0.055563 -0.027900 0.051147 0.011654 0.015432 0.018895 -0.028735 0.011039 -0.325905 0.156178
-0.041695 -0.061081 -0.188011 -0.300517 0.310434 -0.175627 -0.430453 -0.229900 -0.107597 -0.152341 0.199867 0.138491 0.079147 0.089036 0.065134 0.096092 -0.107742 0.253279 -0.463765 -0.018431 -0.014310 -0.129294 0.110138 0.050870 0.062712 -0.090823 -0.080107 0.037101 -0.000509 -0.014959 -0.066669 0.056090 0.027266 0.174885
-0.057559 -0.060496 0.087410 0.039842 0.169761 0.206334 -0.345209 0.237651 0.578861 -0.060578 -0.240169 -0.272576 -0.228333 -0.188760 0.017651 0.107737 -0.014954 -0.128162 -0.077912 0.096100 -0.099837 -0.139903 -0.111897 -0.004054 0.072578 -0.208197 -0.061435 0.071350 0.022606 0.010625 0.007661 0.013235 0.011295 0.183983
-0.013698 0.654620 0.184611 -0.014912 0.124645 -0.265779 0.080382 0.139636 0.029751 0.172122 0.112164 0.007737 -0.049716 -0.003820 0.106994 -0.053978 0.213283 -0.087868 -0.107797 -0.337463 -0.222867 -0.227638 -0.026406 -0.158403 -0.027874 0.021961 0.038268 0.059573 0.046376 -0.156482 -0.010143 0.018859 -0.016720 0.158778
-0.098500 -0.123959 0.035620 0.004019 -0.304537 -0.454736 0.073758 0.079791 0.248568 -0.362146 0.162247 0.055160 0.016981 -0.191240 0.038162 -0.226466 -0.427229 -0.026237 0.080600 -0.297166 0.030722 0.078584 -0.073421 0.089911 -0.024461 -0.087184 0.066871 -0.016941 0.054898 0.029608 -0.024552 -0.001569 0.008920 0.185100
-0.068561 -0.135395 0.073870 -0.032557 -0.291604 -0.347208 -0.035025 -0.036292 -0.013450 -0.134751 0.057191 -0.081379 -0.026805 -0.002497 -0.004913 -0.055999 0.393812 -0.201104 -0.024482 0.508905 -0.043547 -0.208532 0.313543 -0.187411 -0.212332 -0.036011 -0.049097 -0.103716 0.053016 -0.003127 -0.045545 -0.011296 0.009476 0.177804
-0.070199 0.181365 -0.385140 0.177921 -0.074750 0.184123 -0.036132 -0.336847 -0.108306 -0.285188 -0.340667 0.243672 -0.168522 -0.284965 -0.189142 -0.119832 0.162176 -0.193052 0.019230 -0.199557 -0.055300 0.026914 0.177301 0.054025 0.029499 -0.049481 -0.070018 0.021707 -0.012522 -0.148068 -0.019600 0.011349 0.007114 0.162670
-0.065509 -0.032760 -0.389925 0.495888 0.129642 0.060779 0.066548 -0.034729 0.094315 0.071044 0.571049 -0.291602 -0.170639 0.170076 -0.187534 -0.035874 0.026533 0.077866 0.056643 -0.008794 -0.013072 0.013721 0.018756 -0.025783 -0.046572 0.002111 -0.011915 -0.002225 0.003624 -0.015608 -0.034718 0.001825 -0.003104 0.189097
0.224547 -0.136256 0.344156 0.115251 -0.104402 0.135655 0.038555 -0.420918 -0.156434 0.145978 0.184524 -0.144864 -0.155448 -0.422067 0.168684 0.134099 -0.144403 -0.055353 -0.183891 -0.085737 -0.013603 -0.002156 -0.077355 -0.255826 0.045668 0.007133 -0.136388 -0.179065 -0.049709 -0.014034 -0.019207 -0.056832 -0.167435 0.134023
-0.057131 -0.095070 0.052605 -0.080036 0.021256 0.280868 0.038734 0.565594 -0.356679 -0.209020 0.264575 0.337414 -0.177251 -0.259508 -0.096130 0.064834 0.061727 0.086171 0.013882 0.044637 -0.087310 -0.106179 -0.141978 -0.035133 -0.110182 -0.043189 -0.044271 -0.071388 -0.056101 0.030824 0.014125 0.020893 0.014571 0.176373
-0.066337 -0.139152 0.022615 0.148536 -0.031892 -0.238656 -0.160130 0.111114 -0.283536 0.398392 -0.387707 0.023221 -0.374352 0.212402 -0.259364 -0.115296 -0.316032 0.048714 -0.069273 -0.057439 0.037418 -0.129924 -0.024693 -0.072642 -0.158335 0.028428 -0.009961 -0.077887 -0.024726 0.016569 -0.015164 -0.036605 0.004379 0.181341
-0.093362 -0.158067 -0.033383 -0.113777 0.373546 -0.158466 0.583107 -0.043011 0.078913 0.011294 -0.230392 -0.083698 -0.020839 -0.202741 -0.053709 0.119098 -0.024585 0.367725 0.072619 0.092648 -0.291839 0.032692 0.170277 -0.022267 0.036499 0.009735 -0.020149 -0.013566 0.002120 -0.011677 -0.142549 0.017616 0.010978 0.179881
-0.057892 -0.018902 -0.068607 0.091362 -0.011817 0.042073 -0.099144 0.107720 -0.033697 0.255640 -0.050037 -0.098795 0.768215 -0.294697 -0.341071 -0.097782 -0.049498 -0.054648 -0.058988 -0.014668 -0.000470 -0.095020 -0.057350 -0.050037 -0.067838 -0.001210 -0.106173 -0.036230 -0.014591 -0.009780 -0.036771 -0.017459 0.008970 0.187255
