-0.134139 0.093877 0.034466 0.110165 0.091926 -0.170330 -0.040228 0.245600 0.084986 0.106505 0.060573 -0.013617 -0.009851 -0.122517 -0.021660 -0.092037 -0.135099 -0.142546 0.024452 0.088689 -0.048256 0.253489 -0.187466 -0.104317 0.269310 0.007016 -0.457987 0.163829 -0.147588 0.081477 0.017448 -0.083774 0.165602 0.325884 -0.138885 0.041684 0.197354 0.171665 0.174556 0.008099 0.084209 -0.020550 -0.072605 0.051971 -0.034815 -0.085252 0.013551 -0.007698 0.004576 -0.015207 0.005215 -0.022494 0.041694 -0.087469 -0.066635 0.020950 -0.025040 0.126294
-0.071036 -0.135168 -0.132777 -0.159963 0.020709 -0.047600 -0.082727 0.307957 -0.143150 0.167385 0.171287 0.131301 -0.107515 -0.250292 -0.033163 -0.204629 -0.052788 0.384686 -0.161830 0.222427 -0.108199 -0.122279 0.106614 -0.179067 -0.132159 0.070856 0.178454 0.059629 0.005421 0.017361 -0.033583 0.098686 -0.199623 -0.095325 -0.079805 -0.157850 0.188562 -0.037693 0.166642 -0.104612 0.112884 -0.032195 -0.105551 0.105425 -0.054447 -0.024306 0.106832 -0.083724 -0.081384 -0.061585 -0.082316 -0.013404 -0.020502 -0.002398 -0.019478 -0.051808 -0.013145 0.127499
0.038184 -0.119246 -0.150570 -0.179433 0.402228 -0.258754 0.086191 -0.153433 -0.295350 -0.102597 0.041791 -0.077454 -0.396017 0.158634 0.182753 0.070302 0.075584 -0.196021 0.240389 -0.178471 -0.019994 0.190173 -0.042135 -0.168091 -0.144065 0.154082 0.001149 0.084235 -0.052212 0.037474 -0.055653 -0.039606 -0.050383 -0.036765 -0.009978 -0.147890 0.007784 -0.032932 0.017489 -0.073207 0.055396 0.009804 -0.006038 0.121370 -0.051558 0.110426 -0.012997 -0.008268 0.001796 0.002147 -0.026852 -0.003901 -0.018077 0.018626 0.016745 0.007936 0.012621 0.124621
0.120448 0.111693 0.107319 -0.208544 0.118235 0.038436 0.038563 -0.007336 0.151065 0.160799 0.044499 -0.042670 0.064971 -0.021403 -0.018306 0.034989 -0.001137 -0.058168 0.044800 -0.008107 -0.007756 0.009284 0.003321 0.116426 -0.089061 -0.058969 -0.057926 -0.097406 -0.009428 0.026091 -0.034621 -0.009339 -0.150379 -0.090447 -0.054227 0.074026 -0.151828 0.122193 -0.094560 0.238444 0.537839 -0.378412 -0.348326 -0.083685 0.131089 0.166814 -0.035934 0.035457 -0.070927 0.057401 -0.133009 -0.012744 -0.037203 -0.013378 -0.013939 0.018454 0.003601 0.131039
0.282465 -0.135460 -0.240568 0.248320 0.095849 0.508868 0.298732 0.155565 -0.145783 0.255150 -0.311072 -0.301013 -0.086422 -0.138839 -0.056949 -0.032062 -0.043442 -0.134620 -0.005074 -0.040221 -0.012604 0.007863 0.026267 -0.058640 0.054668 -0.028861 -0.039942 0.024511 0.026818 0.056673 -0.000650 0.067357 0.005661 -0.045821 0.045692 -0.056265 0.006919 -0.030491 0.084340 0.044024 -0.049542 -0.008700 -0.051208 -0.064700 -0.034981 0.006832 -0.023424 -0.034210 0.003532 -0.072456 0.001667 -0.005577 0.022292 0.015421 0.003865 0.015240 -0.006087 0.139512
0.040904 0.068017 -0.196923 0.137066 0.093849 -0.173619 0.084766 0.035619 -0.018462 0.108103 0.038127 0.014518 0.021843 -0.049940 0.017589 0.041051 -0.006100 -0.030377 -0.047761 0.055158 0.046552 -0.033907 -0.008592 0.016130 -0.066832 -0.063239 0.043482 -0.010055 -0.022443 0.087177 0.007282 0.038186 0.060137 -0.006040 -0.091790 0.133192 0.008646 -0.061521 -0.259594 0.004451 0.267938 0.086329 0.562115 -0.081761 0.409261 -0.161411 0.052669 -0.190905 -0.278651 -0.062002 -0.014149 -0.063834 0.007828 0.011704 -0.016247 0.011218 0.000366 0.134001
-0.160461 -0.072355 -0.005951 -0.056416 -0.085987 -0.017258 -0.028560 -0.046116 -0.008207 0.034207 -0.039052 -0.005984 -0.018310 -0.038366 0.007074 0.001246 -0.008096 0.012608 0.016706 -0.010527 -0.013939 0.012445 0.011430 -0.004041 0.018404 -0.033720 -0.001692 -0.027054 0.021709 0.020014 0.042669 0.034766 0.015218 0.017137 0.026506 -0.017314 0.008420 -0.036938 0.008167 0.006868 0.019176 0.006482 -0.028133 -0.057882 -0.007087 -0.008902 0.004331 0.020028 -0.063235 -0.043186 0.090067 0.087311 -0.065402 0.180817 0.326137 0.777403 -0.384555 0.133918
0.025682 0.132140 0.024835 -0.164755 -0.058680 -0.034119 -0.059873 0.163126 -0.179303 0.223996 0.079655 0.062865 0.005373 -0.089594 0.019556 -0.093779 -0.010618 -0.021336 0.035775 0.030901 -0.021561 0.001421 -0.062235 0.101588 -0.081916 -0.016736 -0.072853 0.073342 -0.094074 0.011483 -0.085231 -0.180754 0.052742 -0.008476 -0.041415 -0.204744 -0.260857 -0.128944 -0.359528 0.394935 -0.362074 -0.227807 0.154815 0.081749 -0.215290 -0.091546 -0.067001 -0.070624 0.067633 -0.036017 0.050622 -0.056080 0.013454 -0.029483 0.029901 0.021048 0.030048 0.127624
0.029766 0.195065 0.031654 -0.071026 -0.145111 0.034872 0.058454 -0.074912 -0.048114 -0.041771 0.021998 -0.016961 0.013653 0.012921 -0.025936 -0.105342 0.017980 -0.030823 -0.025018 -0.055290 0.021887 0.053173 0.160261 -0.116443 -0.301047 -0.136560 0.106968 0.190740 0.135877 0.162526 -0.064771 -0.275163 0.298865 0.046129 0.223416 0.320023 0.400617 -0.284963 0.097605 0.058249 0.064664 -0.118431 -0.027535 -0.000521 -0.055489 0.057708 -0.079778 -0.078529 0.102446 0.001702 -0.009583 -0.086955 -0.025325 -0.058746 -0.012509 0.019746 0.027799 0.132293
0.054417 -0.124288 0.012167 -0.113023 0.089668 -0.023532 -0.056700 -0.034039 0.046762 0.015720 -0.004883 -0.003334 -0.022770 0.012320 0.004746 -0.012042 0.029524 0.064717 -0.043942 -0.011863 -0.027731 -0.033850 0.014590 0.011375 0.041919 0.003029 0.032490 -0.017214 0.021197 -0.051431 -0.031619 -0.007132 -0.000987 0.006277 0.041970 0.053909 0.078025 -0.001056 -0.001683 0.069387 0.043595 -0.023333 -0.019543 -0.081865 0.032553 -0.077691 -0.029804 0.059460 0.030375 0.086580 0.435108 0.037452 0.816769 0.112112 0.005065 -0.032863 0.022653 0.136530
0.077436 0.145808 0.033924 -0.075352 0.007977 0.023793 -0.145598 0.151678 0.033923 -0.037570 0.012240 0.045038 -0.015973 -0.058647 -0.040229 -0.139942 -0.000352 -0.024185 -0.000852 -0.188237 -0.102630 0.108761 -0.090615 0.050695 -0.054871 0.079415 -0.256107 -0.025102 -0.207949 -0.246854 -0.217780 0.071972 -0.039509 -0.375733 0.214824 0.265478 -0.261429 -0.224494 0.171917 -0.283230 -0.002283 0.073088 0.043618 -0.171169 -0.022329 -0.081644 0.117869 -0.050863 0.012659 -0.077006 0.023456 -0.047073 -0.003638 -0.109506 0.025146 0.040658 0.023964 0.134754
0.028457 0.173311 -0.029221 0.027146 0.030512 0.087974 -0.274210 -0.221138 -0.243845 -0.061764 -0.059067 -0.021791 0.098203 0.022690 -0.077045 -0.222140 0.118677 0.163241 -0.072275 -0.230959 0.278129 -0.110302 -0.249564 -0.379053 0.052806 -0.317122 -0.076300 -0.031359 -0.138711 -0.041789 0.268688 0.106184 -0.065809 0.050144 0.013876 -0.115580 -0.005507 0.013032 -0.025038 0.086161 0.064608 0.033474 -0.015047 -0.059732 -0.016329 0.085456 0.073213 -0.067542 -0.035783 0.107250 0.027033 -0.015463 -0.011904 -0.065800 -0.040611 0.008180 0.044531 0.124782
0.040175 -0.093744 -0.003249 -0.015766 -0.196906 -0.133754 -0.057588 0.080808 0.023521 0.114551 -0.013457 0.020205 -0.037586 -0.039740 -0.016630 -0.019410 -0.037919 -0.012376 -0.007652 0.067003 -0.018187 -0.045270 -0.073782 -0.006897 0.016410 0.095368 0.035578 0.089143 -0.115645 0.007614 0.073765 -0.007879 0.175910 -0.014295 -0.048872 -0.062995 -0.087825 -0.124991 -0.060059 0.022633 -0.055171 0.356547 -0.103871 -0.170338 0.205705 0.623696 -0.269764 0.171092 -0.049692 -0.100792 -0.048437 -0.215929 0.069441 -0.047290 -0.003935 -0.013061 0.024664 0.125121
0.177962 0.032056 0.143647 -0.134171 -0.282841 -0.004639 0.050034 -0.038877 0.051418 0.012335 -0.035582 -0.001050 -0.048025 0.023352 -0.008111 -0.043182 -0.029402 -0.166538 0.014552 -0.079931 -0.079150 -0.043028 -0.005977 -0.013959 -0.169416 -0.121770 0.158451 0.323704 -0.109730 0.002509 0.109952 0.182314 0.106447 -0.177838 -0.329559 -0.050804 -0.066980 0.435490 0.215795 -0.138887 -0.003139 -0.095803 0.208296 0.063719 0.013812 -0.070000 -0.033519 -0.032073 0.206335 0.045419 0.013738 -0.114618 0.031432 0.032112 0.073420 0.034210 0.036186 0.124778
0.048604 0.159216 0.127432 -0.267038 -0.044905 -0.004882 0.171425 0.127904 -0.101211 0.132546 0.011580 0.091972 0.003530 -0.064304 -0.102228 -0.017411 -0.088732 -0.111036 0.156168 -0.083289 -0.000243 0.021111 -0.147073 0.176732 -0.201609 -0.033349 -0.127205 -0.366071 0.396161 -0.158089 0.232128 0.212816 -0.060318 0.186907 0.068352 -0.066018 0.189008 0.025144 -0.064051 -0.137879 0.000004 0.234617 0.077911 0.017268 -0.094321 -0.012728 -0.022037 0.023588 0.062755 0.031317 -0.058307 -0.043410 0.036392 -0.002424 -0.019465 -0.029094 0.000089 0.128091
0.059874 0.210516 0.018722 -0.093291 -0.033662 -0.072933 -0.017707 -0.224449 -0.286398 0.085292 -0.010569 0.003437 -0.007460 -0.079899 0.075911 -0.210608 -0.034677 -0.215443 0.061328 0.248847 0.333874 -0.101921 0.445218 0.200387 0.385654 0.153398 0.079624 -0.011600 -0.076846 -0.127192 -0.050728 0.102603 -0.033850 0.064567 -0.042996 0.081169 0.002692 -0.030257 0.096207 -0.053818 0.012184 0.024814 -0.027921 -0.015003 -0.018303 -0.003032 0.011843 -0.041336 0.017306 0.046671 -0.008011 0.002106 -0.004889 -0.043671 -0.030801 0.010597 0.007949 0.126786
-0.003370 -0.072747 0.055566 -0.100382 -0.035768 -0.060543 0.095753 0.006884 0.063844 0.083645 -0.020530 0.006983 -0.019259 -0.002774 0.014524 0.002268 -0.031753 -0.006696 0.005871 -0.000512 -0.004489 -0.025704 -0.014223 -0.019277 -0.006572 -0.017815 0.024816 0.013823 0.039606 0.022215 0.040499 0.012234 0.012541 0.000961 -0.044023 0.022671 -0.045530 -0.028118 0.031604 0.028716 0.045885 0.074969 -0.059645 -0.034429 0.022814 0.031570 -0.020961 -0.050906 -0.054826 -0.023569 0.761604 0.289446 -0.444331 -0.117946 -0.057361 -0.147547 0.035047 0.136188
-0.073448 -0.135355 -0.041930 -0.148137 -0.104859 0.057838 0.003002 -0.079947 0.146986 0.023576 -0.049531 -0.078166 -0.090179 0.009510 0.248289 0.124422 -0.398200 0.076908 -0.467197 -0.070911 0.467171 0.376265 -0.029384 0.043573 -0.068918 -0.012250 0.002593 -0.049674 0.034345 -0.057873 -0.041943 -0.059691 -0.001714 -0.006115 -0.016019 -0.083578 -0.050181 -0.015027 -0.032125 -0.058225 -0.004951 -0.002572 0.017737 0.014327 -0.018912 -0.021600 0.045322 -0.021701 0.042956 0.007586 -0.052126 -0.059078 -0.000953 -0.018552 0.003375 -0.062473 -0.024030 0.129921
-0.030204 0.100969 0.106613 -0.018549 -0.075308 0.012497 -0.101702 0.014115 -0.012688 0.032048 -0.043189 -0.026934 -0.014581 -0.009707 0.001364 -0.018387 -0.005521 -0.050573 0.023142 -0.028289 0.009116 0.047285 -0.028876 -0.043582 -0.018884 0.003385 0.008559 0.051284 0.009319 -0.003738 -0.021714 -0.019948 0.053322 -0.031302 -0.002115 0.008712 -0.053889 -0.042397 0.054828 -0.013799 -0.044274 0.010584 0.001417 -0.007307 0.005305 0.004490 -0.010522 0.056750 -0.146385 -0.101650 -0.090431 0.254572 -0.046666 0.767329 -0.445938 -0.099094 -0.067945 0.130563
-0.020304 -0.112393 -0.035629 -0.136137 0.086896 -0.033009 -0.119393 -0.051982 -0.100154 -0.047833 -0.013622 -0.023677 -0.059976 0.019843 0.025899 -0.011910 0.006631 0.080148 -0.042413 -0.028179 -0.086222 -0.025308 -0.009826 0.026437 0.059061 -0.022211 0.015353 0.018725 0.041072 -0.030004 0.002180 0.037957 0.019266 0.009755 0.057085 -0.046255 0.105573 0.054611 0.040338 0.136232 -0.102386 0.015626 -0.107027 -0.431833 0.293542 -0.491087 -0.384183 0.257081 0.175024 -0.079790 -0.116974 -0.046827 -0.174715 -0.042929 -0.039251 -0.048433 0.016842 0.133722
0.370612 -0.195203 0.179618 0.154201 -0.077826 0.069953 -0.113085 -0.014017 -0.006952 -0.095918 0.051805 0.021448 0.035484 0.111145 -0.044879 0.042354 -0.005478 0.083728 0.004432 -0.046577 -0.020234 -0.053019 -0.016700 0.108736 -0.050241 0.251534 -0.024957 0.249856 -0.014169 -0.382596 0.047845 -0.275856 -0.176621 0.293607 -0.086589 -0.126426 0.133443 -0.098508 -0.066162 -0.017673 0.211276 -0.008234 0.138564 -0.184814 -0.157017 -0.001971 0.077935 -0.025996 -0.009499 -0.037302 -0.038273 0.064942 -0.073131 -0.000883 0.011982 0.063056 0.026002 0.128575
-0.050583 0.138069 0.034721 0.087512 0.028883 0.050197 -0.067014 -0.042670 -0.043440 0.025560 0.008947 -0.012860 0.042740 -0.010938 -0.000450 -0.011127 0.004367 0.014000 0.011983 0.025177 -0.028762 0.027997 -0.018810 -0.010856 -0.010573 0.008759 -0.026886 -0.007955 -0.019637 -0.008185 -0.036089 -0.040519 0.008896 0.045196 -0.029161 0.005079 -0.007842 -0.029242 0.024876 -0.017252 0.042231 0.042182 -0.007902 0.042475 0.031359 0.005107 -0.040008 0.057085 0.013401 -0.024433 -0.028450 0.085402 -0.035141 0.268080 0.758094 -0.480829 -0.157984 0.136287
0.123004 0.300460 -0.114750 0.056774 -0.109437 0.009431 0.091010 -0.062189 -0.085576 0.362909 0.098642 0.228001 0.039916 0.264206 0.292256 0.475762 0.097793 0.287314 -0.041860 -0.075953 -0.189613 0.065709 0.018453 -0.090663 0.229304 0.014929 -0.015744 0.014289 0.031752 -0.044462 0.013796 0.046279 -0.022670 0.006869 0.067713 0.020308 0.026130 0.027582 0.147343 -0.023197 -0.071657 -0.035964 -0.014683 -0.021144 -0.012211 0.042286 -0.003315 -0.044011 0.019087 0.049501 -0.002917 -0.030912 -0.000567 -0.004532 -0.030994 0.039344 0.021323 0.126725
0.074030 0.081703 0.048309 0.035163 0.086752 0.216360 -0.147609 -0.060634 -0.014657 0.006326 -0.019496 -0.020484 0.041331 -0.007840 -0.047714 -0.025300 0.012390 0.086383 0.016296 0.007422 -0.067143 0.053872 -0.088455 0.109964 -0.027474 -0.024372 0.092193 -0.106771 -0.102722 -0.071376 -0.108160 -0.219095 -0.130391 0.123315 -0.115868 0.030305 -0.033473 -0.062488 -0.017793 -0.183048 -0.032095 0.114452 -0.098923 0.591596 0.388345 -0.068559 -0.263797 -0.057864 0.172943 0.010540 0.064602 -0.038796 -0.019140 -0.023217 -0.089898 0.128895 0.007416 0.133289
0.082246 -0.026472 0.083191 0.022479 -0.084443 -0.086625 0.125771 -0.037025 -0.057255 0.025795 -0.012982 0.067862 0.007134 0.015981 -0.022824 0.012807 -0.022150 -0.093696 0.019538 -0.004195 -0.024871 -0.048927 -0.069679 0.040184 -0.047562 0.026749 0.090905 0.070882 -0.012643 0.059348 0.169854 -0.107367 0.135749 0.044927 0.038853 -0.096767 -0.088149 -0.129457 -0.013458 -0.012996 -0.158070 0.019989 -0.334766 0.042757 0.345878 -0.197479 0.662428 0.192116 -0.060778 0.024055 -0.032193 -0.083313 0.024027 -0.035637 0.015180 -0.021159 0.011228 0.139169
0.119942 0.073663 0.146111 -0.312190 0.333898 0.042380 -0.094805 -0.108366 0.350971 0.125508 -0.012354 -0.299993 0.161938 -0.016793 -0.130169 0.261878 0.135920 -0.012198 -0.042649 0.328244 0.117875 -0.181079 -0.068669 -0.220654 -0.036962 0.153451 -0.016635 0.074232 -0.039068 0.042433 -0.020271 0.084048 0.074402 0.010409 0.074436 -0.036730 0.058888 -0.059542 0.025119 -0.076109 -0.181008 0.065367 0.120023 0.017178 -0.071232 -0.018377 0.065659 0.019931 -0.005040 0.001615 -0.061077 -0.035563 -0.061412 -0.023623 0.026010 0.048224 0.027316 0.124681
0.021714 -0.161091 -0.171914 -0.130768 0.190651 0.111652 -0.115730 -0.052057 -0.072386 -0.019488 -0.004904 0.036540 0.004583 0.046876 0.030554 -0.043039 -0.000791 0.120546 -0.034070 -0.050902 -0.106241 -0.038933 -0.017214 0.123265 -0.015016 -0.058546 0.052884 -0.107554 -0.015146 -0.116862 -0.028691 -0.016604 0.211668 0.129909 -0.295968 0.490589 0.075370 0.286038 -0.238010 -0.124281 -0.280538 -0.063102 -0.134260 -0.103417 -0.111033 0.134654 0.140502 -0.081148 -0.146248 -0.078764 -0.051042 -0.000658 -0.067156 0.012975 0.009444 -0.017985 0.011307 0.131492
0.008615 0.074573 -0.127993 0.152639 -0.062541 -0.171170 0.012750 -0.014524 0.157072 0.037288 -0.036984 -0.032600 -0.007911 0.014082 -0.026788 0.052584 0.020392 -0.041687 -0.014727 -0.056524 -0.002474 -0.114397 0.032443 -0.074401 -0.046120 0.049611 0.118331 0.057709 0.014229 0.031281 0.024271 0.023846 0.153013 -0.020788 -0.106400 -0.005058 -0.188459 -0.054124 -0.249388 -0.072203 0.196330 0.366373 -0.392807 0.011790 -0.339411 -0.336157 -0.148727 -0.292397 0.037929 0.084238 -0.078074 -0.018547 0.053467 0.005528 -0.022893 -0.003888 -0.013710 0.129210
-0.016481 0.080730 0.007566 -0.041941 -0.113691 0.033343 -0.010423 -0.058537 0.023157 0.015160 -0.012958 -0.012007 -0.003622 0.037511 -0.004214 -0.009229 0.001641 -0.020864 -0.000550 -0.069368 -0.014714 -0.001416 0.020909 -0.004593 -0.047578 0.007464 0.026088 0.042213 0.010677 0.076830 0.019008 -0.016955 0.041045 -0.036754 -0.035309 -0.046747 -0.023849 0.029788 0.012831 -0.027824 -0.047101 0.030709 0.034910 0.080766 0.011193 -0.004612 -0.078578 0.137810 -0.208817 -0.238154 -0.260907 0.713909 0.203835 -0.410769 -0.005421 -0.013555 -0.034407 0.137952
0.159608 -0.130959 0.127751 -0.001750 -0.150788 -0.068701 -0.088844 -0.086532 -0.088985 -0.057334 -0.062932 0.008128 -0.021999 0.064156 -0.014471 -0.103334 -0.032687 -0.018651 -0.081299 -0.020062 -0.024911 -0.145170 -0.328419 -0.108109 0.350480 0.254247 -0.046363 -0.168945 0.439920 0.314931 -0.180363 -0.108337 0.008626 -0.258219 -0.181636 0.092512 0.020195 -0.058927 0.019426 0.018823 0.051235 -0.078029 0.078623 0.075271 -0.045912 -0.005864 0.019008 -0.028110 0.033135 0.008603 -0.048928 -0.060762 -0.028399 -0.023726 0.018178 0.001182 -0.002104 0.130171
-0.170654 0.011823 -0.040709 0.026026 0.045264 0.105478 0.121754 -0.290329 -0.272045 -0.207726 -0.085010 0.009021 0.137739 0.071454 -0.104993 0.045685 -0.115276 0.134209 -0.097471 0.437586 -0.217165 0.105027 -0.117783 0.206443 -0.118974 0.105776 -0.254077 0.162093 0.018346 -0.046020 0.228052 0.007606 0.109349 -0.264674 0.072603 -0.069320 -0.022814 0.047123 -0.032705 0.016637 0.071733 0.004438 -0.019547 0.008920 -0.018569 0.043056 -0.037056 -0.153391 0.004198 0.091343 0.018072 0.014185 0.031163 -0.027593 -0.099408 -0.041679 -0.105914 0.120167
0.027344 0.006092 0.124893 -0.045530 0.082402 0.033901 -0.052249 -0.038326 0.043778 -0.039954 -0.011387 -0.043162 -0.052968 -0.000446 -0.091594 0.025357 -0.035214 0.114141 0.021432 -0.110957 -0.159409 0.100519 -0.047251 0.397586 0.199141 -0.127683 0.248173 -0.185864 -0.362738 0.448850 0.115129 -0.003967 0.052358 0.048896 0.040177 -0.197458 0.109618 -0.152854 0.024969 -0.194717 0.079687 -0.045603 0.099792 -0.137253 -0.211126 0.018782 0.037374 -0.045451 0.013475 -0.015095 -0.009862 -0.041308 -0.021321 -0.008622 -0.036572 -0.046596 -0.002468 0.138788
-0.029583 0.244108 -0.094477 0.056274 -0.071644 0.023358 -0.030913 -0.089186 0.050076 -0.121097 -0.027298 -0.049688 0.020695 0.005301 -0.068292 -0.073941 -0.031352 0.006510 0.011675 0.008892 -0.084918 -0.037432 0.138482 -0.049927 -0.174448 0.027506 -0.080417 -0.147289 0.114063 0.132962 -0.462121 -0.207454 -0.062731 0.144401 0.042872 -0.371016 -0.035184 0.330972 0.031763 -0.135967 -0.122713 0.055808 -0.032063 -0.290271 0.114219 0.106808 0.090079 -0.178703 -0.078889 0.098372 0.065950 -0.035347 0.018212 -0.025357 -0.033973 0.025820 0.007419 0.129850
0.061709 -0.117125 -0.023282 -0.095320 0.079881 -0.031023 -0.019800 -0.013124 0.011846 -0.053057 0.024862 -0.002231 -0.010312 -0.002827 -0.008743 -0.025254 -0.019585 0.053851 -0.103101 -0.078504 -0.087454 -0.071465 0.060975 0.157131 0.021815 -0.063295 0.030252 -0.004286 -0.010938 0.073445 -0.023999 -0.122920 -0.070901 0.071698 0.272575 0.167666 -0.161069 0.271559 0.313896 0.503732 0.061360 0.438344 0.136891 0.174979 -0.100468 0.008301 0.136392 -0.023816 -0.005861 0.007972 -0.096829 -0.021739 -0.050299 0.017708 0.002751 0.006546 0.015763 0.142994
0.116945 0.046217 -0.236533 0.265809 0.041606 -0.367419 -0.012490 0.018794 0.068173 -0.001601 0.003093 0.028497 0.076799 -0.031338 -0.130958 0.103633 -0.108630 -0.150383 -0.039973 0.004211 0.217383 -0.170665 -0.270060 0.254861 -0.131545 -0.017789 0.090740 -0.006989 -0.059897 -0.036671 0.069565 -0.030675 -0.260629 -0.140159 0.099648 0.054741 0.206653 0.046125 0.211667 0.027848 -0.275907 -0.195931 -0.133933 0.014968 -0.023373 0.040948 -0.149632 -0.090411 -0.112750 0.035545 0.010678 0.042969 -0.004217 0.039727 0.043184 0.028223 0.034164 0.124329
0.033035 -0.063597 -0.173705 0.078545 0.018895 -0.025518 -0.031198 0.167484 -0.011210 0.011416 0.037274 0.033800 0.009281 -0.042876 -0.019740 -0.014183 -0.008483 0.011032 -0.029641 0.052362 0.002919 -0.012666 0.007854 -0.005340 -0.025362 0.018729 0.017325 -0.023113 -0.049418 0.035829 -0.063171 0.004045 0.095058 -0.009632 0.034499 0.074835 -0.034003 -0.013803 -0.118646 -0.078167 0.033833 0.005385 0.131627 -0.019127 -0.010444 0.086990 0.037323 0.314256 0.266186 0.744587 -0.082040 0.287316 -0.088721 0.020106 -0.025086 0.044554 0.026868 0.138743
0.057179 -0.013481 -0.062016 0.037537 -0.061241 -0.052160 -0.056271 -0.025224 0.154993 -0.171110 -0.057727 -0.011970 -0.037079 0.029521 -0.076271 -0.012912 -0.010465 0.031431 -0.082063 -0.209441 -0.116194 -0.028126 0.084150 0.079038 0.117116 0.109607 -0.059868 -0.029367 -0.063209 -0.226851 -0.231193 0.475239 0.303797 -0.042974 0.121663 -0.226612 0.311535 -0.029528 -0.154132 0.242641 0.019376 -0.105957 -0.034839 0.254051 0.099160 0.067687 0.068186 -0.086725 0.012607 -0.029001 -0.007779 0.017683 -0.076513 0.021050 0.007583 -0.017715 0.030309 0.134176
-0.046978 0.084591 -0.074746 0.035676 -0.101113 0.132179 -0.009719 -0.075619 0.024116 -0.073693 0.005917 -0.000979 -0.000163 0.015462 0.002629 -0.007478 -0.003083 -0.008865 0.025853 -0.036101 -0.020928 -0.011733 0.040220 0.007720 -0.047790 0.050465 -0.016856 0.040861 -0.012682 -0.001297 -0.053301 0.006832 -0.029337 -0.018894 -0.000293 -0.012325 0.017777 0.045578 -0.018300 -0.055705 0.047172 -0.019830 0.039163 0.190005 -0.238808 -0.155581 -0.133289 0.531851 -0.583516 0.119102 0.116180 -0.324483 -0.045271 -0.067455 -0.035386 -0.020583 -0.009388 0.136471
-0.163888 -0.117884 -0.074385 -0.082743 -0.298338 -0.057804 0.017808 0.012582 -0.032928 -0.036933 -0.214255 -0.055286 -0.126133 -0.295488 -0.184868 0.262462 0.644133 0.099844 0.065147 -0.002279 0.191216 0.202582 -0.014208 0.111887 0.017400 0.040488 -0.073211 -0.040862 -0.021676 -0.048868 -0.031001 -0.100164 -0.055227 -0.015126 -0.075354 0.043452 0.047496 0.052600 0.023205 0.027842 0.025673 -0.024648 0.010149 0.005339 0.008628 -0.019683 0.056875 -0.052922 0.024414 0.019336 -0.026879 -0.033059 -0.004173 -0.040702 -0.025562 -0.088903 -0.013430 0.125702
-0.135570 -0.018192 -0.056992 0.128863 0.078383 -0.057891 -0.032185 -0.119140 0.070908 -0.051487 -0.047056 -0.054866 0.027813 0.019618 -0.031131 -0.033322 0.024111 0.058149 0.004267 0.017316 -0.107855 0.057714 -0.020458 0.066961 -0.148340 -0.040815 0.087109 -0.007304 0.226068 -0.045016 -0.067167 0.291050 0.037251 0.356550 -0.300530 0.029258 -0.348330 -0.371792 0.386630 0.115403 -0.050955 -0.167331 0.063140 -0.054729 -0.027876 0.041094 -0.010895 -0.028794 -0.001449 0.068438 -0.044322 -0.054085 0.036384 -0.081476 -0.061669 -0.023398 -0.028113 0.130508
-0.158193 -0.129564 0.220943 0.155739 0.168977 -0.011011 0.232086 -0.104142 0.172255 0.224933 -0.071094 0.143615 0.186721 0.154723 0.333634 -0.361234 0.355184 -0.057566 -0.175955 -0.080932 0.011483 -0.045545 0.035927 0.106539 -0.135648 0.004509 -0.138491 -0.008121 -0.078282 0.032949 -0.057624 0.003060 -0.131294 -0.131458 -0.127563 -0.069680 0.193654 -0.035529 -0.018335 0.013000 -0.090250 0.108305 0.010227 -0.017763 -0.031815 0.020414 -0.000502 0.020909 0.041568 0.046945 -0.060309 -0.032283 -0.014664 -0.008216 -0.060719 -0.019386 -0.098335 0.124258
-0.021120 -0.206954 0.009762 0.083483 0.004048 -0.106253 0.039045 0.034256 0.006139 0.075143 -0.027512 0.085133 -0.060113 0.057358 0.067740 -0.123731 0.166127 -0.018190 -0.134335 0.080862 0.039833 -0.210716 -0.029772 -0.038888 0.020366 0.008364 0.018786 -0.144730 0.042139 -0.099351 0.116299 -0.092204 0.313647 0.201751 0.455419 -0.071243 -0.291696 0.184639 0.042312 -0.282554 0.104067 -0.314340 0.066258 0.112430 -0.028231 0.007637 -0.131124 -0.019808 0.023966 -0.132436 -0.017381 -0.040565 -0.019112 -0.004952 -0.011908 -0.047203 -0.027406 0.133259
-0.051861 0.086528 -0.050929 0.039236 -0.032232 -0.037145 -0.010809 0.015068 0.167259 -0.081367 -0.060392 -0.057233 0.023905 -0.014419 -0.099217 -0.071191 -0.071010 0.001596 -0.066539 -0.201382 -0.152482 0.088236 0.354222 -0.237950 -0.040517 0.463409 -0.042954 -0.262548 -0.091591 0.068163 0.484932 -0.101925 -0.132159 -0.028716 -0.051859 0.090274 -0.033175 0.030513 -0.007085 0.091295 -0.140374 -0.132794 0.070918 0.006042 0.064195 0.010646 -0.045008 -0.059877 0.048299 0.030043 0.010562 -0.048031 -0.003785 0.007528 -0.015440 -0.019728 -0.010464 0.136212
-0.024067 -0.006649 -0.094789 -0.066965 0.171138 -0.133345 0.008462 0.064698 0.151569 -0.101471 0.000542 -0.070537 -0.028741 -0.022720 -0.113778 0.059074 -0.005277 0.016718 -0.084137 -0.142174 -0.094882 -0.129531 0.333510 0.093327 0.270496 -0.449289 -0.217369 0.195148 0.321828 -0.115053 0.149344 -0.224646 -0.064486 -0.182395 -0.099257 -0.147317 -0.044300 -0.116437 -0.043625 -0.154093 -0.057550 -0.016946 0.033153 0.072789 0.005893 0.099014 0.009896 0.044037 0.018454 -0.016708 -0.037191 -0.036795 -0.021422 0.022294 0.007013 -0.024273 0.008462 0.135110
-0.111816 0.055775 0.123229 0.221816 0.102095 -0.032234 -0.167968 -0.030725 0.118532 0.137001 0.024432 -0.116803 0.011182 -0.085734 0.013648 -0.137923 0.020851 -0.080132 0.157073 0.120069 -0.141521 0.428717 -0.089633 -0.092784 0.154030 -0.070818 0.483435 0.014959 0.227029 -0.279545 0.043090 -0.054150 -0.020912 -0.184383 0.149019 -0.031062 0.041716 0.144102 -0.088532 0.065431 -0.030663 0.005650 0.044257 -0.057616 -0.041283 0.048212 0.073935 -0.007997 -0.015915 0.023001 -0.003539 -0.039672 -0.017146 -0.113843 -0.035266 -0.013892 -0.042871 0.123018
0.011796 -0.088071 -0.221816 -0.076160 0.119003 0.328344 -0.138445 -0.031021 0.195487 -0.174291 0.007314 0.679176 0.118639 -0.186452 0.067777 0.102647 0.018860 -0.309000 0.131865 0.047880 0.082418 0.040409 -0.012058 -0.078584 0.043985 0.020452 0.048615 0.043051 0.046496 0.083008 0.053806 -0.013733 0.032071 -0.024317 -0.001560 -0.112081 -0.001013 -0.054027 0.049317 0.038739 0.024693 0.007374 0.015616 -0.039321 -0.012636 0.010743 -0.010760 -0.070338 0.035568 -0.058239 -0.003789 -0.009114 -0.004474 0.005952 -0.006578 -0.015593 0.009316 0.134627
-0.014663 0.200117 -0.138937 -0.028124 -0.114028 0.230973 0.286134 0.099075 0.229876 -0.329913 0.477473 -0.169394 -0.315177 0.081691 0.183765 -0.170966 0.169711 0.034376 0.003471 0.156704 0.067967 -0.090630 -0.209246 0.046212 0.136902 0.006773 0.040979 -0.014140 -0.009910 -0.056492 0.114300 0.000872 -0.053411 0.017668 -0.022657 0.027508 -0.015143 -0.034023 -0.016939 0.063756 -0.058027 0.002214 -0.016351 -0.055931 0.037472 0.015810 -0.003177 -0.050774 0.031118 -0.013999 -0.001212 0.014993 0.009896 0.044117 0.006760 0.022805 0.004377 0.136766
-0.110883 0.209491 0.201330 0.012373 0.123443 0.016789 -0.096961 0.566935 -0.158255 -0.340502 -0.413465 -0.007396 0.027818 0.241581 0.240106 0.157119 0.047220 -0.051758 -0.086357 0.101241 0.078507 -0.100577 0.023866 0.012288 -0.016996 0.005844 0.155666 0.005000 0.019601 0.000160 0.024024 0.022995 -0.015137 -0.005013 -0.047743 0.012549 0.012549 0.026373 -0.003987 0.055567 0.037795 -0.002411 -0.025585 -0.013800 0.008336 0.033430 0.013042 -0.017740 -0.031299 -0.012646 0.030559 -0.028705 0.018172 -0.068696 0.008782 0.029850 -0.019717 0.133189
0.323142 -0.194397 0.068564 0.038056 -0.072232 -0.164342 0.118594 0.066992 -0.114761 -0.299101 0.201851 -0.160516 0.504228 -0.255916 0.321083 0.052659 0.030380 0.092067 0.165326 0.052355 0.000357 0.191799 0.115770 -0.121959 -0.016347 -0.140115 -0.057968 -0.142441 -0.023950 0.077184 -0.017393 0.087391 0.025441 -0.018907 0.013398 -0.017554 -0.050934 0.004393 0.000235 -0.036977 -0.067857 -0.003109 -0.056654 0.042387 -0.023518 -0.012930 -0.071054 -0.009060 -0.038097 -0.048856 -0.007875 0.007255 0.010661 0.019802 0.005534 0.008247 -0.002638 0.134348
-0.118882 -0.113521 0.059856 -0.106838 -0.222614 -0.073275 0.186881 -0.155881 0.009244 -0.070160 -0.184986 0.020808 -0.085905 -0.066461 0.046767 0.117690 -0.154303 -0.276322 -0.112381 0.168327 -0.339267 -0.155047 -0.074975 -0.289172 0.093690 -0.257994 0.042935 -0.173974 -0.261058 -0.182490 -0.129951 -0.040673 -0.285905 0.121421 0.030221 0.104411 0.070448 -0.127287 -0.093574 0.018730 -0.012748 -0.036477 0.039317 -0.006037 -0.062974 0.002667 0.011359 -0.030874 0.015236 0.031763 -0.091849 -0.003353 0.008034 -0.024688 -0.031194 -0.074439 -0.017730 0.124462
-0.038379 0.172763 -0.230028 0.189166 0.035024 -0.094262 0.007603 -0.073603 -0.010157 -0.044437 0.007627 -0.012933 0.085965 -0.004508 -0.062361 0.039700 -0.019566 0.043432 -0.028881 0.069967 0.045561 -0.047499 -0.000367 -0.013528 -0.100052 0.013613 0.013011 -0.047295 -0.009370 0.060780 -0.092511 0.054552 -0.110733 0.000879 -0.058298 0.057513 -0.007347 0.072995 -0.145321 -0.008687 0.150698 0.010006 0.065439 0.026173 -0.167196 0.065318 0.184489 0.414654 0.481958 -0.461741 0.111683 -0.047551 -0.001927 -0.001040 -0.114510 0.013727 -0.089964 0.125088
-0.235409 -0.030420 0.060897 0.085879 -0.003107 0.025162 0.053865 -0.053853 -0.025594 0.013359 -0.029157 -0.001900 0.038255 -0.015782 0.015458 -0.011045 -0.010837 0.026167 -0.001198 0.051329 -0.016472 0.045842 0.006989 0.009880 -0.009058 0.017470 -0.024548 -0.010511 0.030038 0.026001 0.010644 0.021178 -0.019587 -0.010970 -0.001320 -0.003357 -0.015824 -0.001512 -0.016116 -0.026095 0.044056 0.009810 -0.011211 -0.002372 -0.033048 -0.004909 0.002200 0.041808 -0.005622 -0.091969 -0.020825 0.071293 -0.013567 0.155012 0.198659 0.223264 0.872371 0.133647
-0.133549 -0.005433 0.214504 -0.008241 0.174050 -0.015452 0.541678 0.050334 -0.038566 -0.095750 0.022848 0.215701 0.123450 0.031211 -0.399653 0.018560 -0.141123 0.254400 0.119498 -0.173726 0.226857 0.013592 -0.031054 -0.156248 0.158811 0.064261 0.166223 0.082262 -0.085395 -0.090939 -0.178431 -0.040886 0.037762 -0.012361 -0.026427 0.046176 -0.084045 0.051049 -0.004690 0.009863 -0.056107 -0.017324 0.026087 -0.031545 0.007398 0.011306 -0.096363 0.009224 -0.003019 0.006819 -0.055189 -0.020592 0.020631 0.006541 -0.012293 0.002507 -0.069761 0.136947
-0.243066 -0.100859 -0.007109 0.042965 -0.089174 0.056459 -0.082568 -0.060712 0.171739 0.075586 -0.172257 -0.112583 -0.056528 -0.073884 0.310348 0.021409 -0.271842 0.274104 0.613397 -0.054145 0.122455 -0.298109 -0.023327 0.049895 -0.035235 0.020473 -0.099863 0.034880 -0.026895 -0.024645 0.024717 -0.065215 0.016288 -0.073717 0.050440 0.028002 0.050571 0.000518 0.021742 0.016183 0.019433 -0.043137 0.069898 0.021746 0.027169 -0.012997 0.063558 -0.064344 0.074355 0.031826 -0.050721 -0.045100 0.015782 -0.050445 -0.052208 -0.080125 -0.035944 0.129145
-0.052667 -0.067753 0.107745 0.018342 -0.066707 0.038065 -0.066528 -0.002808 0.001815 -0.030024 0.018422 0.006661 -0.026176 -0.019193 -0.013524 -0.016952 0.007615 -0.006811 -0.014274 -0.085426 -0.018684 0.062697 0.026276 0.039167 0.046437 0.059582 -0.044289 0.441887 0.142783 0.312976 -0.011911 0.332493 -0.404904 0.221785 0.305614 0.190552 -0.088845 0.060261 -0.296128 -0.133699 -0.117644 -0.043085 -0.048584 0.025338 0.073045 0.057785 -0.019242 -0.088693 0.014840 0.022693 -0.009035 -0.033556 0.009171 -0.017190 -0.009319 -0.050624 -0.039977 0.139106
0.215230 -0.180792 0.085001 0.142332 -0.100416 -0.024478 -0.104500 0.058715 0.111237 0.033292 -0.004029 0.155093 -0.247273 0.468964 -0.234301 -0.054852 -0.006185 0.088481 0.211434 0.343430 0.156029 0.203343 0.208224 -0.102942 -0.089441 -0.239327 -0.172803 -0.190493 -0.047225 0.098302 -0.013109 0.099103 -0.052892 -0.075656 -0.010201 0.048704 -0.002511 -0.016371 -0.020752 0.064193 -0.081701 0.018866 -0.018402 0.026890 -0.012327 -0.058682 -0.000948 -0.012569 -0.021477 -0.034417 -0.025283 -0.016994 -0.009463 0.003505 0.021324 -0.002779 0.005088 0.132734
-0.123474 -0.049163 0.422687 0.356462 0.114648 0.136086 -0.127225 -0.045976 -0.174931 0.007550 0.370879 0.008165 -0.270674 -0.264619 -0.011390 0.339765 -0.035896 -0.120509 -0.122767 -0.070776 0.049822 -0.187092 0.130590 -0.022314 -0.134501 -0.038397 -0.082355 -0.122092 0.007187 0.021210 -0.010783 0.058481 0.091073 -0.108820 -0.058163 0.038747 0.012424 0.044862 0.004508 0.044472 -0.041880 0.013149 -0.018165 -0.031057 -0.006304 0.028783 -0.010557 -0.015313 0.015745 0.017092 0.028765 -0.020440 0.016201 -0.075974 -0.059089 0.004521 -0.052823 0.124688
-0.343389 -0.244715 -0.167409 -0.098190 -0.151192 0.147261 -0.114778 0.162091 -0.157569 0.122325 0.336263 -0.220154 0.366726 0.397930 -0.161616 0.101103 0.013024 -0.287421 0.064166 -0.116973 0.041200 -0.046126 0.028268 0.005990 0.038161 0.029127 0.050795 -0.022529 -0.038484 -0.023050 -0.044471 -0.014480 -0.027791 -0.038863 -0.005234 -0.052367 0.040925 -0.027869 0.062496 -0.025724 0.068247 -0.001842 0.008038 0.008302 0.021621 -0.010159 0.044120 -0.088963 0.032637 -0.013865 -0.000103 -0.051432 0.014077 -0.025448 -0.042857 -0.068403 -0.028421 0.125811
